2222244322334432
222
2213111133342444333
1
11
1112
22333355656788799988898886555424345778998646889119911109988666544345322466666464681081011131312141416171918181917191917181817191818191816161414131312141616151514161818171615171513151516141213121111988888810101088755345754644357888101097787556645779888875554223334454313
113233334566422
222464657653424687879101191112119910810101098777764334224422132234444423
111
2233112221
111
1
1
222
1
222442
1121213
1113453345781010810101111119810979111212121210991112121412131517171716161517191919192018191921222223232525272624262625232121191921212222212020222321222221222019191816141415131313111314131212141614141211111311975667777678666868799757757665557778889119897891088976678999109865543245446886687975567888646443
1111135775786642
222223555335335753113343222211
111322242
